TABLE DE FIXATION DE LA CONTRIBUTION ALIMENTAIRE PARENTALE DE BASE
1 enfant 2 enfants 3 enfants 4 enfants 5 enfants 6 enfants(1)
1 - 1 000 500 500 500 500 500 500 
1 001 - 2 000 1 000 1 000 1 000 1 000 1 000 1 000 
2 001 - 3 000 1 500 1 500 1 500 1 500 1 500 1 500 
3 001 - 4 000 2 000 2 000 2 000 2 000 2 000 2 000 
4 001 - 5 000 2 500 2 500 2 500 2 500 2 500 2 500 
5 001 - 6 000 3 000 3 000 3 000 3 000 3 000 3 000 
6 001 - 7 000 3 360 3 500 3 500 3 500 3 500 3 500 
7 001 - 8 000 3 410 4 000 4 000 4 000 4 000 4 000 
8 001 - 9 000 3 430 4 500 4 500 4 500 4 500 4 500 
9 001 - 10 000 3 450 5 000 5 000 5 000 5 000 5 000 
10 001 - 12 000 3 560 5 520 6 000 6 000 6 000 6 000 
12 001 - 14 000 3 670 5 710 6 770 7 000 7 000 7 000 
14 001 - 16 000 3 850 5 940 7 110 8 000 8 000 8 000 
16 001 - 18 000 4 040 6 230 7 490 8 750 9 000 9 000 
18 001 - 20 000 4 250 6 540 7 910 9 300 10 000 10 000 
20 001 - 22 000 4 540 6 960 8 460 9 950 11 000 11 000 
22 001 - 24 000 4 800 7 380 8 980 10 560 12 000 12 000 
24 001 - 26 000 5 080 7 810 9 530 11 250 12 980 13 000 
26 001 - 28 000 5 320 8 130 10 030 11 880 13 770 14 000 
28 001 - 30 000 5 550 8 440 10 410 12 410 14 400 15 000 
30 001 - 32 000 5 740 8 700 10 810 12 940 15 040 16 000 
32 001 - 34 000 5 910 8 940 11 200 13 400 15 630 17 000 
34 001 - 36 000 6 110 9 170 11 510 13 850 16 180 18 000 
36 001 - 38 000 6 240 9 420 11 770 14 130 16 510 18 870 
38 001 - 40 000 6 420 9 610 12 010 14 430 16 840 19 240 
40 001 - 42 000 6 580 9 800 12 280 14 730 17 180 19 640 
42 001 - 44 000 6 760 10 040 12 530 15 020 17 510 19 990 
44 001 - 46 000 6 940 10 260 12 810 15 370 17 910 20 480 
46 001 - 48 000 7 120 10 540 13 140 15 780 18 400 21 030 
48 001 - 50 000 7 310 10 750 13 470 16 170 18 880 21 580 
50 001 - 52 000 7 510 11 010 13 820 16 630 19 410 22 220 
52 001 - 54 000 7 710 11 310 14 170 17 040 19 920 22 790 
54 001 - 56 000 7 900 11 560 14 530 17 530 20 490 23 450 
56 001 - 58 000 8 100 11 840 14 880 17 910 20 980 24 020 
58 001 - 60 000 8 300 12 080 15 220 18 350 21 500 24 620 
60 001 - 62 000 8 490 12 350 15 550 18 770 21 980 25 180 
62 001 - 64 000 8 670 12 590 15 910 19 210 22 510 25 820 
64 001 - 66 000 8 850 12 860 16 260 19 630 23 010 26 390 
66 001 - 68 000 9 060 13 080 16 550 20 030 23 490 26 970 
68 001 - 70 000 9 200 13 310 16 870 20 450 24 020 27 600 
70 001 - 72 000 9 360 13 540 17 190 20 820 24 490 28 130 
72 001 - 74 000 9 520 13 760 17 510 21 240 25 000 28 730 
74 001 - 76 000 9 720 13 990 17 820 21 670 25 520 29 360 
76 001 - 78 000 9 850 14 160 18 070 21 990 25 880 29 790 
78 001 - 80 000 9 990 14 370 18 350 22 320 26 290 30 270 
80 001 - 82 000 10 120 14 530 18 560 22 610 26 640 30 680 
82 001 - 84 000 10 240 14 700 18 810 22 910 27 010 31 110 
84 001 - 86 000 10 420 14 870 19 040 23 180 27 350 31 500 
86 001 - 88 000 10 510 15 000 19 210 23 430 27 640 31 850 
88 001 - 90 000 10 580 15 110 19 350 23 590 27 830 32 090 
90 001 - 92 000 10 660 15 220 19 530 23 820 28 130 32 430 
92 001 - 94 000 10 750 15 340 19 680 24 010 28 330 32 660 
94 001 - 96 000 10 850 15 450 19 840 24 220 28 610 32 980 
96 001 - 98 000 10 920 15 560 19 960 24 400 28 820 33 260 
98 001 - 100 000 11 010 15 650 20 110 24 550 29 010 33 470 ANNEXE I
(a. 1)
Nombre d'enfants
des parents ($)(Applicable à compter du 1er janvier 2022)
Revenu Contribution alimentaire annuelle de base ($)
disponible
TABLE DE FIXATION DE LA CONTRIBUTION ALIMENTAIRE PARENTALE DE BASE
1 enfant 2 enfants 3 enfants 4 enfants 5 enfants 6 enfants(1)Nombre d'enfants
des parents ($)(Applicable à compter du 1er janvier 2022)
Revenu Contribution alimentaire annuelle de base ($)
disponible
100 001 - 102 000 11 080 15 740 20 250 24 730 29 240 33 740 
102 001 - 104 000 11 140 15 820 20 380 24 880 29 450 33 960 
104 001 - 106 000 11 220 15 920 20 500 25 070 29 640 34 200 
106 001 - 108 000 11 280 16 020 20 650 25 240 29 870 34 450 
108 001 - 110 000 11 340 16 100 20 790 25 400 30 060 34 680 
110 001 - 112 000 11 430 16 190 20 920 25 550 30 280 34 940 
112 001 - 114 000 11 500 16 280 21 060 25 730 30 510 35 170 
114 001 - 116 000 11 590 16 380 21 190 25 900 30 710 35 420 
116 001 - 118 000 11 670 16 470 21 330 26 060 30 930 35 680 
118 001 - 120 000 11 740 16 560 21 470 26 260 31 140 35 900 
120 001 - 122 000 11 810 16 660 21 590 26 410 31 350 36 150 
122 001 - 124 000 11 870 16 760 21 740 26 590 31 570 36 390 
124 001 - 126 000 11 950 16 850 21 870 26 740 31 790 36 650 
126 001 - 128 000 12 030 16 930 22 020 26 920 32 000 36 910 
128 001 - 130 000 12 100 17 040 22 150 27 080 32 200 37 150 
130 001 - 132 000 12 180 17 140 22 310 27 250 32 420 37 390 
132 001 - 134 000 12 240 17 230 22 430 27 450 32 640 37 640 
134 001 - 136 000 12 320 17 320 22 560 27 610 32 840 37 890 
136 001 - 138 000 12 400 17 400 22 720 27 760 33 080 38 130 
138 001 - 140 000 12 470 17 510 22 850 27 960 33 290 38 390 
140 001 - 142 000 12 540 17 590 22 980 28 110 33 490 38 620 
142 001 - 144 000 12 610 17 690 23 110 28 270 33 690 38 850 
144 001 - 146 000 12 680 17 770 23 230 28 400 33 900 39 080 
146 001 - 148 000 12 760 17 860 23 380 28 610 34 090 39 320 
148 001 - 150 000 12 830 17 950 23 500 28 740 34 300 39 550 
150 001 - 152 000 12 900 18 040 23 620 28 890 34 490 39 770 
152 001 - 154 000 12 960 18 110 23 750 29 070 34 700 39 980 
154 001 - 156 000 13 040 18 210 23 900 29 230 34 920 40 240 
156 001 - 158 000 13 100 18 310 24 010 29 380 35 090 40 470 
158 001 - 160 000 13 170 18 390 24 130 29 540 35 310 40 710 
160 001 - 162 000 13 230 18 460 24 270 29 710 35 510 40 930 
162 001 - 164 000 13 320 18 550 24 410 29 870 35 700 41 150 
164 001 - 166 000 13 380 18 660 24 540 30 020 35 910 41 400 
166 001 - 168 000 13 440 18 750 24 670 30 180 36 130 41 630 
168 001 - 170 000 13 510 18 830 24 780 30 350 36 310 41 860 
170 001 - 172 000 13 590 18 910 24 930 30 510 36 520 42 100 
172 001 - 174 000 13 670 19 010 25 060 30 670 36 710 42 320 
174 001 - 176 000 13 740 19 090 25 190 30 830 36 940 42 580 
176 001 - 178 000 13 800 19 190 25 310 31 000 37 140 42 800 
178 001 - 180 000 13 870 19 290 25 480 31 160 37 340 43 040 
180 001 - 182 000 13 960 19 370 25 590 31 310 37 550 43 280 
182 001 - 184 000 14 020 19 470 25 720 31 480 37 750 43 500 
184 001 - 186 000 14 080 19 550 25 860 31 640 37 940 43 750 
186 001 - 188 000 14 160 19 630 25 990 31 820 38 160 43 990 
188 001 - 190 000 14 230 19 720 26 120 31 960 38 360 44 230 
190 001 - 192 000 14 300 19 820 26 250 32 150 38 560 44 450 
192 001 - 194 000 14 370 19 920 26 370 32 310 38 780 44 700 
194 001 - 196 000 14 450 20 000 26 530 32 470 38 990 44 930 
196 001 - 198 000 14 510 20 100 26 660 32 630 39 170 45 170 
198 001 - 200 000 14 580 20 190 26 790 32 800 39 410 45 400 
14 580 20 190 26 790 32 800 39 410 45 400 
plus plus plus plus plus plus
3,5 % 4,5 % 6,5 % 8,0 % 10,0 % 11,5 %
de de de de de de
l'excédent l'excédent l'excédent l'excédent l'excédent l'excédent
Montant deladéduction debase auxfinsducalcul durevenu disponible (ligne 301duformulaire defixation
des pensions alimentaires pour enfants) applicable à compter du 1er janvier 2022  :  12 215 $(2)Pour lapartie durevenu disponible desparents quiexcède 200000$,lepourcentage indiqué n'yestdonné qu'à titre indicatif. Letribunal peut,
s'ill'estime approprié, fixer pour cette partie durevenu disponible unmontant différent decelui quiserait obtenu selon cepourcentage (a.10du
Règlement sur la fixation des pensions alimentaires pour enfants (chapitre C-25.01, r. 0.4)).(1)Lorsque lenombre d'enfants estsupérieur à 6,lavaleur delacontribution alimentaire debase estfixée enmultipliant ladifférence entre les
montants prévus àlatable pour 5 et 6 enfants parlenombre d'enfants additionnels etenadditionnant leproduit ainsi obtenu aumontant prévu
pour 6 enfants (a. 1, 2e al. du Règlement sur la table de fixation de la contribution alimentaire parentale de base).disponible
supérieur
à 200 000 $ (2)Revenu
